%YAML:1.0
FastFeatureExtractor: [ 331., 116., 7., -1., 44., 0, -1, 329., 117., 7.,
    -1., 43., 0, -1, 331., 125., 7., -1., 62., 0, -1, 335., 127., 7.,
    -1., 40., 0, -1, 325., 133., 7., -1., 40., 0, -1, 369., 133., 7.,
    -1., 63., 0, -1, 354., 135., 7., -1., 43., 0, -1, 356., 136., 7.,
    -1., 47., 0, -1, 377., 136., 7., -1., 77., 0, -1, 368., 137., 7.,
    -1., 49., 0, -1, 376., 139., 7., -1., 75., 0, -1, 305., 142., 7.,
    -1., 55., 0, -1, 384., 142., 7., -1., 40., 0, -1, 302., 144., 7.,
    -1., 45., 0, -1, 365., 145., 7., -1., 64., 0, -1, 381., 145., 7.,
    -1., 60., 0, -1, 309., 146., 7., -1., 109., 0, -1, 335., 149., 7.,
    -1., 47., 0, -1, 332., 156., 7., -1., 79., 0, -1, 336., 159., 7.,
    -1., 113., 0, -1, 332., 162., 7., -1., 128., 0, -1, 308., 163., 7.,
    -1., 105., 0, -1, 330., 163., 7., -1., 150., 0, -1, 546., 164., 7.,
    -1., 45., 0, -1, 349., 166., 7., -1., 145., 0, -1, 347., 168., 7.,
    -1., 142., 0, -1, 350., 169., 7., -1., 91., 0, -1, 327., 172., 7.,
    -1., 41., 0, -1, 316., 173., 7., -1., 165., 0, -1, 366., 174., 7.,
    -1., 133., 0, -1, 317., 177., 7., -1., 54., 0, -1, 363., 179., 7.,
    -1., 94., 0, -1, 361., 186., 7., -1., 123., 0, -1, 365., 193., 7.,
    -1., 133., 0, -1, 143., 367., 7., -1., 46., 0, -1 ]
