%YAML:1.0
SiftFeatureExtratctor: [ 4.3969271850585937e+002,
    6.7001029968261719e+001, 1.9042787551879883e+000,
    1.8012068176269531e+002, 4.0555354207754135e-003, 197631, -1,
    8.9465354919433594e+001, 1.1740347290039062e+002,
    1.7367063760757446e+000, 1.0108795166015625e+001,
    4.2731002904474735e-003, 11403775, -1, 2.6347558593750000e+002,
    1.3067481994628906e+002, 1.8274223804473877e+000,
    1.7701788330078125e+002, 4.3536382727324963e-003, 6947583, -1,
    2.2469294738769531e+002, 1.3755984497070312e+002,
    1.7602701187133789e+000, 2.4098048400878906e+002,
    4.5699980109930038e-003, 14680575, -1, 2.2469294738769531e+002,
    1.3755984497070312e+002, 1.7602701187133789e+000,
    1.6612014770507812e+002, 4.5699980109930038e-003, 14680575, -1,
    2.4508990478515625e+002, 1.3744781494140625e+002,
    1.7420198917388916e+000, 3.3699893188476562e+002,
    5.5230627767741680e-003, 12124671, -1, 2.4694360351562500e+002,
    1.3957040405273437e+002, 1.6649324893951416e+000,
    2.6768075561523437e+002, 4.1462448425590992e-003, 1245695, -1,
    2.4862719726562500e+002, 1.4552371215820312e+002,
    1.7819226980209351e+000, 3.5962066650390625e+001,
    1.0058928281068802e-002, 918271, -1, 2.4950064086914062e+002,
    1.4788827514648437e+002, 1.7224453687667847e+000,
    2.8662124633789062e+002, 4.4047539122402668e-003, 9437695, -1,
    2.5809259033203125e+002, 1.4894631958007812e+002,
    1.7808640003204346e+000, 2.9513488769531250e+002,
    5.6454376317560673e-003, 721663, -1, 2.7388555908203125e+002,
    1.4989445495605469e+002, 1.7528513669967651e+000,
    2.8527157592773437e+002, 4.5379023067653179e-003, 13631999, -1,
    2.7388555908203125e+002, 1.4989445495605469e+002,
    1.7528513669967651e+000, 1.1987290954589844e+002,
    4.5379023067653179e-003, 13631999, -1, 2.7240121459960938e+002,
    1.5169972229003906e+002, 1.7044683694839478e+000,
    5.0959411621093750e+001, 6.8923928774893284e-003, 6881791, -1,
    2.6549441528320312e+002, 1.5250183105468750e+002,
    1.7288210391998291e+000, 2.7740386962890625e+002,
    6.7057055421173573e-003, 10289663, -1, 2.7164929199218750e+002,
    1.5406413269042969e+002, 1.6811383962631226e+000,
    3.1560092163085937e+002, 5.8826492168009281e-003, 3539455, -1,
    2.7164929199218750e+002, 1.5406413269042969e+002,
    1.6811383962631226e+000, 4.2121246337890625e+001,
    5.8826492168009281e-003, 3539455, -1, 2.8598373413085937e+002,
    1.5701881408691406e+002, 1.7476370334625244e+000,
    1.0880079650878906e+002, 4.5148320496082306e-003, 12911103, -1,
    2.9215774536132812e+002, 1.6450671386718750e+002,
    1.7996042966842651e+000, 2.0176013183593750e+002,
    5.1938844844698906e-003, 3277567, -1, 2.4401774597167969e+002,
    1.9026036071777344e+002, 2.0559716224670410e+000,
    1.9967597961425781e+002, 7.7652535401284695e-003, 1967359, -1,
    2.5728799438476562e+002, 1.9071354675292969e+002,
    1.8675845861434937e+000, 2.5343322753906250e+000,
    6.6924146376550198e-003, 12190463, -1, 2.5039482116699219e+002,
    2.1503916931152344e+002, 1.6784895658493042e+000,
    7.4007720947265625e+001, 4.1772611439228058e-003, 3211775, -1,
    6.2693035888671875e+002, 3.4925073242187500e+002,
    1.6933557987213135e+000, 1.5393623352050781e+002,
    4.1690072976052761e-003, 5308927, -1, 6.0638470458984375e+002,
    3.5945098876953125e+002, 1.7204799652099609e+000,
    3.4610559082031250e+002, 4.2595579288899899e-003, 9175551, -1,
    6.3673028564453125e+002, 3.5948739624023437e+002,
    1.7117801904678345e+000, 2.9123120117187500e+002,
    4.2099868878722191e-003, 7930367, -1, 6.3673028564453125e+002,
    3.5948739624023437e+002, 1.7117801904678345e+000,
    2.4248684692382812e+002, 4.2099868878722191e-003, 7930367, -1,
    6.1804473876953125e+002, 3.6388388061523437e+002,
    1.7442716360092163e+000, 2.6619903564453125e+002,
    4.1275629773736000e-003, 12452351, -1, 6.1804473876953125e+002,
    3.6388388061523437e+002, 1.7442716360092163e+000,
    2.2248635864257812e+002, 4.1275629773736000e-003, 12452351, -1,
    5.8116632080078125e+002, 3.9517800903320312e+002,
    1.7182419300079346e+000, 1.4451293945312500e+000,
    5.1937028765678406e-003, 8847871, -1, 5.8116632080078125e+002,
    3.9517800903320312e+002, 1.7182419300079346e+000,
    8.0910278320312500e+001, 5.1937028765678406e-003, 8847871, -1,
    5.5764599609375000e+002, 4.0109472656250000e+002,
    1.7076514959335327e+000, 3.1609698486328125e+002,
    4.2657824233174324e-003, 7340543, -1, 5.5764599609375000e+002,
    4.0109472656250000e+002, 1.7076514959335327e+000,
    1.2087588500976562e+002, 4.2657824233174324e-003, 7340543, -1,
    4.4303100585937500e+002, 4.1065032958984375e+002,
    1.6622494459152222e+000, 1.8036741638183594e+002,
    4.5895134098827839e-003, 852479, -1, 4.5961993408203125e+002,
    4.2211679077148437e+002, 1.6843302249908447e+000,
    3.3593420410156250e+002, 4.2750448919832706e-003, 3998207, -1,
    2.3141322326660156e+002, 1.3332852172851562e+002,
    1.7674502134323120e+000, 3.3425094604492187e+002,
    4.1003730148077011e-003, 15663615, -1, 2.6337841796875000e+002,
    1.3459954833984375e+002, 1.8727174997329712e+000,
    1.7951422119140625e+002, 5.0875898450613022e-003, 12911359, -1,
    2.6334054565429687e+002, 1.3837242126464844e+002,
    1.8780170679092407e+000, 2.4902137756347656e+002,
    1.0336380451917648e-002, 13566719, -1, 2.6334054565429687e+002,
    1.3837242126464844e+002, 1.8780170679092407e+000,
    1.8992770385742187e+002, 1.0336380451917648e-002, 13566719, -1,
    2.2292726135253906e+002, 1.3899078369140625e+002,
    1.8089628219604492e+000, 3.0832601928710937e+002,
    7.2748232632875443e-003, 4522751, -1, 2.6229431152343750e+002,
    1.4452627563476562e+002, 1.7850197553634644e+000,
    9.7622711181640625e+001, 6.1836317181587219e-003, 1311487, -1,
    2.4614031982421875e+002, 1.5676310729980469e+002,
    1.7122091054916382e+000, 3.0023171997070312e+002,
    4.9556032754480839e-003, 7995903, -1, 2.2379141235351562e+002,
    1.7004046630859375e+002, 1.8147680759429932e+000,
    3.3056555175781250e+002, 4.1546877473592758e-003, 5309183, -1,
    2.2337304687500000e+002, 1.8231909179687500e+002,
    1.9006346464157104e+000, 1.8990505981445312e+002,
    2.4232722818851471e-002, 16450303, -1, 2.4464224243164062e+002,
    1.8686094665527344e+002, 2.7571365833282471e+000,
    2.4074822998046875e+002, 8.3639388903975487e-003, 5900543, -1,
    2.4464224243164062e+002, 1.8686094665527344e+002,
    2.7571365833282471e+000, 1.8751214599609375e+002,
    8.3639388903975487e-003, 5900543, -1, 2.3822164916992187e+002,
    1.8866979980468750e+002, 2.6086881160736084e+000,
    5.1976928710937500e+000, 6.2641892582178116e-003, 9242623, -1,
    2.7820635986328125e+002, 1.9819268798828125e+002,
    1.8633043766021729e+000, 2.1844636535644531e+002,
    1.1549950577318668e-002, 11666175, -1, 2.7820635986328125e+002,
    1.9819268798828125e+002, 1.8633043766021729e+000,
    2.6053405761718750e+001, 1.1549950577318668e-002, 11666175, -1,
    2.8784182739257812e+002, 2.2033761596679687e+002,
    1.9583520889282227e+000, 4.2558837890625000e+001,
    4.8890653997659683e-003, 6947839, -1, 5.9900335693359375e+002,
    3.5251315307617187e+002, 1.8270237445831299e+000,
    2.5009442138671875e+002, 6.7187375389039516e-003, 6947583, -1,
    6.1644616699218750e+002, 3.5889059448242187e+002,
    1.9191486835479736e+000, 3.4086935424804687e+002,
    5.0551169551908970e-003, 2098175, -1, 6.1644616699218750e+002,
    3.5889059448242187e+002, 1.9191486835479736e+000,
    1.7801893615722656e+002, 5.0551169551908970e-003, 2098175, -1,
    5.6939367675781250e+002, 3.6854486083984375e+002,
    1.8332089185714722e+000, 2.2672793579101562e+002,
    4.1418657638132572e-003, 7734015, -1, 5.7358520507812500e+002,
    3.7648461914062500e+002, 1.8897234201431274e+000,
    3.2706500244140625e+002, 4.6312706544995308e-003, 15074047, -1,
    5.7358520507812500e+002, 3.7648461914062500e+002,
    1.8897234201431274e+000, 1.4537365722656250e+002,
