%YAML:1.0
FastFeatureExtractor: [ 323., 78., 7., -1., 40., 0, -1, 322., 81., 7.,
    -1., 69., 0, -1, 319., 85., 7., -1., 50., 0, -1, 314., 86., 7., -1.,
    55., 0, -1, 313., 93., 7., -1., 57., 0, -1, 311., 94., 7., -1., 56.,
    0, -1, 312., 96., 7., -1., 57., 0, -1, 308., 99., 7., -1., 61., 0,
    -1, 310., 99., 7., -1., 44., 0, -1, 303., 113., 7., -1., 71., 0, -1,
    302., 116., 7., -1., 55., 0, -1, 300., 118., 7., -1., 56., 0, -1,
    299., 123., 7., -1., 67., 0, -1, 299., 126., 7., -1., 67., 0, -1,
    297., 132., 7., -1., 63., 0, -1, 290., 141., 7., -1., 80., 0, -1,
    291., 144., 7., -1., 42., 0, -1, 293., 146., 7., -1., 83., 0, -1,
    365., 205., 7., -1., 42., 0, -1, 355., 207., 7., -1., 99., 0, -1,
    453., 211., 7., -1., 91., 0, -1, 301., 213., 7., -1., 92., 0, -1,
    298., 214., 7., -1., 60., 0, -1, 502., 219., 7., -1., 52., 0, -1,
    316., 401., 7., -1., 47., 0, -1, 311., 415., 7., -1., 52., 0, -1,
    225., 445., 7., -1., 49., 0, -1, 568., 446., 7., -1., 43., 0, -1,
    227., 447., 7., -1., 52., 0, -1 ]
