%YAML:1.0
FastFeatureExtractor: [ 449., 198., 7., -1., 52., 0, -1, 401., 204., 7.,
    -1., 53., 0, -1, 307., 206., 7., -1., 58., 0, -1, 449., 290., 7.,
    -1., 65., 0, -1, 264., 296., 7., -1., 57., 0, -1, 372., 325., 7.,
    -1., 42., 0, -1, 435., 371., 7., -1., 46., 0, -1, 285., 375., 7.,
    -1., 57., 0, -1, 273., 393., 7., -1., 55., 0, -1, 453., 409., 7.,
    -1., 60., 0, -1, 457., 468., 7., -1., 40., 0, -1 ]
