%YAML:1.0
GoodFeatureExtractor: [ 589., 254., 3., -1., 0., 0, -1, 133., 204., 3.,
    -1., 0., 0, -1, 296., 203., 3., -1., 0., 0, -1, 409., 236., 3., -1.,
    0., 0, -1, 378., 430., 3., -1., 0., 0, -1, 319., 398., 3., -1., 0.,
    0, -1, 416., 429., 3., -1., 0., 0, -1, 479., 195., 3., -1., 0., 0,
    -1, 308., 199., 3., -1., 0., 0, -1, 561., 467., 3., -1., 0., 0, -1,
    363., 195., 3., -1., 0., 0, -1, 419., 471., 3., -1., 0., 0, -1, 554.,
    459., 3., -1., 0., 0, -1, 126., 194., 3., -1., 0., 0, -1, 297., 467.,
    3., -1., 0., 0, -1, 542., 448., 3., -1., 0., 0, -1, 566., 476., 3.,
    -1., 0., 0, -1, 535., 435., 3., -1., 0., 0, -1, 588., 56., 3., -1.,
    0., 0, -1, 366., 212., 3., -1., 0., 0, -1, 601., 258., 3., -1., 0.,
    0, -1, 614., 42., 3., -1., 0., 0, -1, 206., 145., 3., -1., 0., 0, -1,
    371., 317., 3., -1., 0., 0, -1, 373., 351., 3., -1., 0., 0, -1, 413.,
    223., 3., -1., 0., 0, -1, 408., 206., 3., -1., 0., 0, -1, 371., 283.,
    3., -1., 0., 0, -1, 430., 469., 3., -1., 0., 0, -1, 575., 59., 3.,
    -1., 0., 0, -1, 126., 172., 3., -1., 0., 0, -1, 369., 238., 3., -1.,
    0., 0, -1, 451., 462., 3., -1., 0., 0, -1, 199., 153., 3., -1., 0.,
    0, -1, 580., 264., 3., -1., 0., 0, -1, 463., 449., 3., -1., 0., 0,
    -1, 553., 475., 3., -1., 0., 0, -1, 628., 31., 3., -1., 0., 0, -1,
    610., 253., 3., -1., 0., 0, -1, 472., 392., 3., -1., 0., 0, -1, 414.,
    193., 3., -1., 0., 0, -1, 612., 455., 3., -1., 0., 0, -1, 567., 69.,
    3., -1., 0., 0, -1, 202., 131., 3., -1., 0., 0, -1, 416., 340., 3.,
    -1., 0., 0, -1, 82., 111., 3., -1., 0., 0, -1, 534., 254., 3., -1.,
    0., 0, -1, 468., 193., 3., -1., 0., 0, -1, 415., 401., 3., -1., 0.,
    0, -1, 482., 405., 3., -1., 0., 0, -1, 418., 319., 3., -1., 0., 0,
    -1, 411., 277., 3., -1., 0., 0, -1, 570., 261., 3., -1., 0., 0, -1,
    551., 366., 3., -1., 0., 0, -1, 123., 204., 3., -1., 0., 0, -1, 409.,
    473., 3., -1., 0., 0, -1, 84., 88., 3., -1., 0., 0, -1, 547., 467.,
    3., -1., 0., 0, -1, 115., 196., 3., -1., 0., 0, -1, 67., 17., 3.,
    -1., 0., 0, -1, 386., 456., 3., -1., 0., 0, -1, 514., 173., 3., -1.,
    0., 0, -1, 436., 428., 3., -1., 0., 0, -1, 368., 341., 3., -1., 0.,
    0, -1, 484., 463., 3., -1., 0., 0, -1, 370., 328., 3., -1., 0., 0,
    -1, 416., 350., 3., -1., 0., 0, -1, 71., 104., 3., -1., 0., 0, -1,
    617., 475., 3., -1., 0., 0, -1, 451., 478., 3., -1., 0., 0, -1, 601.,
    45., 3., -1., 0., 0, -1, 430., 331., 3., -1., 0., 0, -1, 360., 454.,
    3., -1., 0., 0, -1, 469., 423., 3., -1., 0., 0, -1, 18., 5., 3., -1.,
    0., 0, -1, 491., 426., 3., -1., 0., 0, -1, 531., 291., 3., -1., 0.,
    0, -1, 429., 197., 3., -1., 0., 0, -1, 503., 442., 3., -1., 0., 0,
    -1, 441., 202., 3., -1., 0., 0, -1, 494., 447., 3., -1., 0., 0, -1,
    367., 466., 3., -1., 0., 0, -1, 535., 319., 3., -1., 0., 0, -1, 462.,
    438., 3., -1., 0., 0, -1, 452., 447., 3., -1., 0., 0, -1, 388., 194.,
    3., -1., 0., 0, -1, 290., 122., 3., -1., 0., 0, -1, 444., 470., 3.,
    -1., 0., 0, -1, 46., 23., 3., -1., 0., 0, -1, 339., 198., 3., -1.,
    0., 0, -1, 462., 341., 3., -1., 0., 0, -1, 132., 186., 3., -1., 0.,
    0, -1, 463., 234., 3., -1., 0., 0, -1, 530., 111., 3., -1., 0., 0,
    -1, 406., 435., 3., -1., 0., 0, -1, 638., 325., 3., -1., 0., 0, -1,
    35., 20., 3., -1., 0., 0, -1, 474., 258., 3., -1., 0., 0, -1, 394.,
    442., 3., -1., 0., 0, -1, 403., 194., 3., -1., 0., 0, -1, 432., 377.,
    3., -1., 0., 0, -1, 554., 81., 3., -1., 0., 0, -1, 373., 293., 3.,
    -1., 0., 0, -1, 416., 306., 3., -1., 0., 0, -1, 527., 121., 3., -1.,
    0., 0, -1, 474., 228., 3., -1., 0., 0, -1, 474., 379., 3., -1., 0.,
    0, -1, 371., 249., 3., -1., 0., 0, -1, 527., 226., 3., -1., 0., 0,
    -1, 412., 293., 3., -1., 0., 0, -1, 519., 443., 3., -1., 0., 0, -1,
    466., 467., 3., -1., 0., 0, -1, 421., 382., 3., -1., 0., 0, -1, 482.,
    474., 3., -1., 0., 0, -1, 425., 217., 3., -1., 0., 0, -1, 312., 153.,
    3., -1., 0., 0, -1, 521., 207., 3., -1., 0., 0, -1, 3., 151., 3.,
    -1., 0., 0, -1, 509., 430., 3., -1., 0., 0, -1, 279., 115., 3., -1.,
    0., 0, -1, 315., 61., 3., -1., 0., 0, -1, 513., 454., 3., -1., 0., 0,
    -1, 374., 303., 3., -1., 0., 0, -1, 473., 456., 3., -1., 0., 0, -1,
    518., 140., 3., -1., 0., 0, -1, 371., 456., 3., -1., 0., 0, -1, 600.,
    443., 3., -1., 0., 0, -1, 522., 459., 3., -1., 0., 0, -1, 559., 384.,
    3., -1., 0., 0, -1, 218., 85., 3., -1., 0., 0, -1, 619., 465., 3.,
    -1., 0., 0, -1, 317., 323., 3., -1., 0., 0, -1, 345., 214., 3., -1.,
    0., 0, -1, 605., 319., 3., -1., 0., 0, -1, 576., 415., 3., -1., 0.,
    0, -1, 591., 45., 3., -1., 0., 0, -1, 296., 439., 3., -1., 0., 0, -1,
    410., 249., 3., -1., 0., 0, -1, 85., 9., 3., -1., 0., 0, -1, 87.,
    23., 3., -1., 0., 0, -1, 391., 470., 3., -1., 0., 0, -1, 425., 296.,
    3., -1., 0., 0, -1, 583., 13., 3., -1., 0., 0, -1, 89., 103., 3.,
    -1., 0., 0, -1, 461., 329., 3., -1., 0., 0, -1, 531., 451., 3., -1.,
    0., 0, -1, 8., 3., 3., -1., 0., 0, -1, 583., 427., 3., -1., 0., 0,
    -1, 395., 2., 3., -1., 0., 0, -1, 136., 176., 3., -1., 0., 0, -1,
    231., 431., 3., -1., 0., 0, -1, 296., 477., 3., -1., 0., 0, -1, 281.,
    20., 3., -1., 0., 0, -1, 335., 447., 3., -1., 0., 0, -1, 484., 436.,
    3., -1., 0., 0, -1, 319., 432., 3., -1., 0., 0, -1, 540., 333., 3.,
    -1., 0., 0, -1, 419., 444., 3., -1., 0., 0, -1, 409., 448., 3., -1.,
    0., 0, -1, 395., 204., 3., -1., 0., 0, -1, 619., 325., 3., -1., 0.,
    0, -1, 557., 65., 3., -1., 0., 0, -1, 601., 183., 3., -1., 0., 0, -1,
    67., 169., 3., -1., 0., 0, -1, 632., 311., 3., -1., 0., 0, -1, 433.,
    305., 3., -1., 0., 0, -1, 306., 219., 3., -1., 0., 0, -1, 301., 457.,
    3., -1., 0., 0, -1, 253., 217., 3., -1., 0., 0, -1, 462., 310., 3.,
    -1., 0., 0, -1, 433., 445., 3., -1., 0., 0, -1, 136., 50., 3., -1.,
    0., 0, -1, 426., 233., 3., -1., 0., 0, -1, 523., 364., 3., -1., 0.,
    0, -1, 75., 415., 3., -1., 0., 0, -1, 159., 60., 3., -1., 0., 0, -1,
    471., 293., 3., -1., 0., 0, -1, 426., 421., 3., -1., 0., 0, -1, 200.,
    273., 3., -1., 0., 0, -1, 469., 477., 3., -1., 0., 0, -1, 474., 439.,
    3., -1., 0., 0, -1, 34., 1., 3., -1., 0., 0, -1, 463., 203., 3., -1.,
    0., 0, -1, 523., 131., 3., -1., 0., 0, -1, 282., 209., 3., -1., 0.,
    0, -1, 599., 55., 3., -1., 0., 0, -1, 418., 371., 3., -1., 0., 0, -1,
    18., 273., 3., -1., 0., 0, -1, 365., 389., 3., -1., 0., 0, -1, 539.,
    96., 3., -1., 0., 0, -1, 586., 330., 3., -1., 0., 0, -1, 377., 197.,
    3., -1., 0., 0, -1, 629., 184., 3., -1., 0., 0, -1, 17., 476., 3.,
    -1., 0., 0, -1, 309., 433., 3., -1., 0., 0, -1, 335., 164., 3., -1.,
    0., 0, -1, 536., 351., 3., -1., 0., 0, -1, 135., 375., 3., -1., 0.,
    0, -1, 264., 446., 3., -1., 0., 0, -1, 7., 478., 3., -1., 0., 0, -1,
    380., 275., 3., -1., 0., 0, -1, 371., 179., 3., -1., 0., 0, -1, 126.,
    59., 3., -1., 0., 0, -1, 68., 439., 3., -1., 0., 0, -1, 327., 44.,
    3., -1., 0., 0, -1, 175., 48., 3., -1., 0., 0, -1, 83., 372., 3.,
    -1., 0., 0, -1, 603., 115., 3., -1., 0., 0, -1, 314., 353., 3., -1.,
    0., 0, -1, 321., 26., 3., -1., 0., 0, -1, 513., 149., 3., -1., 0., 0,
    -1, 523., 430., 3., -1., 0., 0, -1, 28., 470., 3., -1., 0., 0, -1,
    473., 354., 3., -1., 0., 0, -1, 113., 261., 3., -1., 0., 0, -1, 351.,
    433., 3., -1., 0., 0, -1, 22., 23., 3., -1., 0., 0, -1, 43., 297.,
    3., -1., 0., 0, -1, 600., 35., 3., -1., 0., 0, -1, 16., 208., 3.,
    -1., 0., 0, -1, 269., 39., 3., -1., 0., 0, -1, 308., 36., 3., -1.,
    0., 0, -1, 114., 451., 3., -1., 0., 0, -1, 69., 5., 3., -1., 0., 0,
    -1, 334., 418., 3., -1., 0., 0, -1, 418., 256., 3., -1., 0., 0, -1,
    381., 468., 3., -1., 0., 0, -1, 501., 465., 3., -1., 0., 0, -1, 577.,
    450., 3., -1., 0., 0, -1, 313., 287., 3., -1., 0., 0, -1, 541., 235.,
    3., -1., 0., 0, -1, 573., 293., 3., -1., 0., 0, -1, 125., 69., 3.,
    -1., 0., 0, -1, 85., 293., 3., -1., 0., 0, -1, 417., 211., 3., -1.,
    0., 0, -1, 345., 476., 3., -1., 0., 0, -1, 339., 464., 3., -1., 0.,
