%YAML:1.0
SURFFeatureDetect: [ 5.2307843017578125e+002, 3.8661328125000000e+002,
    45., 2.4089046478271484e+001, 7.3942456054687500e+003, 1, -1,
    3.2788507080078125e+002, 3.4190533447265625e+002, 92.,
    2.3795205688476562e+002, 6.3288872070312500e+003, 2, -1,
    3.2119003295898437e+002, 3.3817349243164063e+002, 125.,
    2.3749096679687500e+002, 5.9860068359375000e+003, 3, -1,
    3.3779107666015625e+002, 3.5757070922851563e+002, 24.,
    2.0878593444824219e+002, 5.0926943359375000e+003, 0, -1,
    3.3748886108398437e+002, 3.5611587524414062e+002, 32.,
    2.4408035278320312e+002, 4.6278359375000000e+003, 1, -1,
    5.4677026367187500e+002, 3.4098599243164062e+002, 22.,
    4.7224708557128906e+001, 4.4203789062500000e+003, 0, -1,
    2.8672634887695312e+002, 3.7679156494140625e+002, 20.,
    2.3724183654785156e+002, 4.0477446289062500e+003, 0, 1,
    3.3716964721679687e+002, 2.9273370361328125e+002, 23.,
    1.4255935668945312e+002, 3.6428347167968750e+003, 0, -1,
    5.7346765136718750e+002, 3.2777670288085937e+002, 21.,
    4.5183818817138672e+001, 3.2751901855468750e+003, 0, -1,
    5.5402246093750000e+002, 3.1192260742187500e+002, 84.,
    6.0020256042480469e+001, 3.1548422851562500e+003, 2, 1,
    3.8622863769531250e+002, 1.2687761688232422e+002, 137.,
    2.4538957214355469e+002, 3.0401533203125000e+003, 3, 1,
    3.3597653198242187e+002, 2.9282760620117187e+002, 27.,
    1.4568452453613281e+002, 3.0284855957031250e+003, 1, -1,
    3.9116781616210937e+002, 1.3288006591796875e+002, 167.,
    2.3055175781250000e+002, 2.9628415527343750e+003, 3, 1,
    5.7432739257812500e+002, 3.3158859252929687e+002, 31.,
    5.1082965850830078e+001, 2.9173481445312500e+003, 1, -1,
    4.5174911499023437e+002, 2.9631494140625000e+002, 18.,
    1.5356076049804687e+002, 2.8831857910156250e+003, 0, -1,
    4.4923089599609375e+002, 2.9732858276367187e+002, 44.,
    1.6273001098632812e+002, 2.8022160644531250e+003, 1, -1,
    5.5810687255859375e+002, 3.3016946411132812e+002, 32.,
    6.4811355590820312e+001, 2.7475541992187500e+003, 1, 1,
    5.9568865966796875e+002, 4.3109332275390625e+002, 21.,
    2.9105252075195312e+002, 2.6644162597656250e+003, 0, 1,
    5.7544128417968750e+002, 3.3667016601562500e+002, 43.,
    6.7035667419433594e+001, 2.5478061523437500e+003, 1, -1 ]
