%YAML:1.0
SiftFeatureExtratctor: [ 3.9545635986328125e+002,
    8.4281318664550781e+001, 1.7745971679687500e+000,
    1.2805575561523437e+002, 4.4421572238206863e-003, 16646655, -1,
    4.0210784912109375e+002, 1.0096273803710937e+002,
    1.7062500715255737e+000, 2.5953179931640625e+002,
    6.1104027554392815e-003, 7143935, -1, 6.3468603515625000e+002,
    3.2186480712890625e+002, 1.6940466165542603e+000,
    1.6168443298339844e+002, 4.1788429953157902e-003, 5439999, -1,
    5.9952661132812500e+002, 3.3121551513671875e+002,
    1.7448875904083252e+000, 5.9051788330078125e+001,
    4.5550633221864700e-003, 12517887, -1, 3.2261059570312500e+002,
    4.2603323364257812e+002, 1.7899875640869141e+000,
    1.8115530395507812e+002, 5.4638902656733990e-003, 1966847, -1,
    3.2161248779296875e+002, 4.3705026245117187e+002,
    1.8015472888946533e+000, 1.8947998046875000e+002,
    5.4232943803071976e-003, 3539711, -1, 4.8007553100585937e+002,
    4.6145401000976562e+002, 1.7341636419296265e+000,
    3.3764300537109375e+002, 4.9441899172961712e-003, 11076095, -1,
    4.8007553100585937e+002, 4.6145401000976562e+002,
    1.7341636419296265e+000, 1.8440444946289062e+002,
    4.9441899172961712e-003, 11076095, -1, 4.8007553100585937e+002,
    4.6145401000976562e+002, 1.7341636419296265e+000,
    1.9025146484375000e+001, 4.9441899172961712e-003, 11076095, -1,
    3.0992993164062500e+002, 4.6499380493164062e+002,
    1.6751270294189453e+000, 2.0784698486328125e+002,
    4.3982351198792458e-003, 2687487, -1, 4.3426388549804687e+002,
    2.5797106933593750e+002, 1.8318580389022827e+000,
    2.6972366333007812e+002, 1.0206562466919422e-002, 7537407, -1,
    4.3426388549804687e+002, 2.5797106933593750e+002,
    1.8318580389022827e+000, 2.4143797302246094e+002,
    1.0206562466919422e-002, 7537407, -1, 4.3426388549804687e+002,
    2.5797106933593750e+002, 1.8318580389022827e+000,
    2.0657388305664062e+002, 1.0206562466919422e-002, 7537407, -1,
    4.3426388549804687e+002, 2.5797106933593750e+002,
    1.8318580389022827e+000, 7.0136688232421875e+001,
    1.0206562466919422e-002, 7537407, -1, 3.0739132690429688e+002,
    4.7359188842773437e+002, 1.8275644779205322e+000,
    1.9891595458984375e+002, 4.8254150897264481e-003, 7013119, -1,
    2.9678720092773437e+002, 3.0020388793945312e+002,
    2.0708506107330322e+000, 1.7753530883789062e+002,
    4.4274325482547283e-003, 3671295, -1, 6.1497729492187500e+002,
    3.1326574707031250e+002, 1.8431955575942993e+000,
    3.2096374511718750e+001, 6.0018636286258698e-003, 9044735, -1,
    5.5734368896484375e+002, 3.9269525146484375e+002,
    2.1057379245758057e+000, 3.3935586547851562e+002,
    4.3373601511120796e-003, 7734527, -1, 3.9089965820312500e+002,
    8.3392044067382813e+001, 2.0697193145751953e+000,
    1.2960772705078125e+002, 4.4817421585321426e-003, 3540223, -1,
    3.9339346313476562e+002, 8.5671890258789063e+001,
    2.3971619606018066e+000, 1.2907550048828125e+002,
    4.3548643589019775e-003, 5572351, -1, 4.0225546264648437e+002,
    8.9317451477050781e+001, 2.1210217475891113e+000,
    1.2739326477050781e+002, 4.7227423638105392e-003, 9503999, -1,
    3.9620547485351562e+002, 1.0236059570312500e+002,
    2.3117194175720215e+000, 2.6207104492187500e+002,
    8.2172639667987823e-003, 13501951, -1, 5.1102774047851562e+002,
    1.9532481384277344e+002, 2.1314635276794434e+000,
    3.4254241943359375e+002, 4.1302838362753391e-003, 10683647, -1,
    2.9952883911132812e+002, 2.0712251281738281e+002,
    2.3128323554992676e+000, 1.8059811401367187e+002,
    4.3357871472835541e-003, 13633023, -1, 3.4094732666015625e+002,
    2.5733090209960937e+002, 2.1468064785003662e+000,
    2.7134521484375000e+002, 9.1612357646226883e-003, 12387583, -1,
    6.3700653076171875e+002, 2.8468325805664062e+002,
    2.1692152023315430e+000, 3.8396362304687500e+001,
    7.4615501798689365e-003, 14877951, -1, 3.2038449096679687e+002,
    4.2051763916015625e+002, 2.1428453922271729e+000,
    1.7915403747558594e+002, 5.5067678913474083e-003, 11928831, -1,
    3.1875985717773437e+002, 4.4162982177734375e+002,
    2.3140256404876709e+000, 1.9027285766601562e+002,
    6.2518571503460407e-003, 13764095, -1, 3.9339111328125000e+002,
    8.2207015991210937e+001, 2.4033813476562500e+000,
    1.3001838684082031e+002, 4.8478976823389530e-003, 6162175, -1,
    4.3178005981445312e+002, 9.7071136474609375e+001,
    2.2892844676971436e+000, 2.4612487792968750e+002,
    5.3230514749884605e-003, 11142655, -1, 4.0387881469726562e+002,
    1.0318137359619141e+002, 2.3276140689849854e+000,
    2.6448852539062500e+002, 7.1547525003552437e-003, 15140351, -1,
    4.9552752685546875e+002, 1.4566992187500000e+002,
    2.2921850681304932e+000, 3.2568878173828125e+002,
    4.7418135218322277e-003, 11470335, -1, 5.0546459960937500e+002,
    1.5066700744628906e+002, 2.2560873031616211e+000,
    2.7012316894531250e+002, 4.5141619630157948e-003, 7669247, -1,
    6.0948187255859375e+002, 3.2034768676757812e+002,
    2.2494904994964600e+000, 4.0135986328125000e+001,
    5.5925948545336723e-003, 6948351, -1, 5.6655297851562500e+002,
    4.3999490356445312e+002, 2.3677012920379639e+000,
    2.3523390197753906e+002, 5.0811925902962685e-003, 2557695, -1,
    3.0999685668945312e+002, 4.6405328369140625e+002,
    2.3867077827453613e+000, 1.9765258789062500e+002,
    4.4149267487227917e-003, 4523775, -1, 4.6794934082031250e+002,
    1.0767200469970703e+002, 2.5798482894897461e+000,
    3.2628845214843750e+002, 4.8001813702285290e-003, 6555647, -1,
    3.8663705444335937e+002, 1.1675724029541016e+002,
    2.6940829753875732e+000, 2.4026629638671875e+002,
    4.5332480221986771e-003, 264447, -1, 2.9802548217773437e+002,
    1.8875314331054687e+002, 2.5826978683471680e+000,
    1.9511657714843750e+002, 4.4473330490291119e-003, 6817791, -1,
    3.0601434326171875e+002, 2.5298522949218750e+002,
    2.5859544277191162e+000, 1.7991426086425781e+002,
    5.3981016390025616e-003, 7145471, -1, 2.9920584106445313e+002,
    2.9802221679687500e+002, 2.6851484775543213e+000,
    1.7724693298339844e+002, 4.3264529667794704e-003, 16189439, -1,
    2.2227436828613281e+002, 4.6199011230468750e+002,
    2.6283001899719238e+000, 3.1935662841796875e+002,
    4.2796763591468334e-003, 11012095, -1, 4.0386386108398437e+002,
    1.0335993957519531e+002, 2.5960595607757568e+000,
    2.6422262573242187e+002, 7.0687257684767246e-003, 8062975, -1,
    6.3233721923828125e+002, 2.9100653076171875e+002,
    2.6521158218383789e+000, 2.1916596984863281e+002,
    8.6479587480425835e-003, 13240319, -1, 6.3233721923828125e+002,
    2.9100653076171875e+002, 2.6521158218383789e+000,
    3.9723022460937500e+001, 8.6479587480425835e-003, 13240319, -1,
    6.1646838378906250e+002, 3.1143753051757813e+002,
    2.7081367969512939e+000, 3.1007415771484375e+001,
    6.3325669616460800e-003, 1575167, -1, 4.9239321899414062e+002,
    3.6169308471679687e+002, 2.4991979598999023e+000,
    1.0072790527343750e+002, 4.5587779022753239e-003, 15599359, -1,
    4.9239321899414062e+002, 3.6169308471679687e+002,
    2.4991979598999023e+000, 2.8249969482421875e+001,
    4.5587779022753239e-003, 15599359, -1, 3.2318795776367187e+002,
    4.2162829589843750e+002, 2.8977036476135254e+000,
    1.7930757141113281e+002, 5.1274457946419716e-003, 1116671, -1,
    3.9653506469726562e+002, 1.0192710876464844e+002,
    2.9990222454071045e+000, 2.6169372558593750e+002,
    8.1840418279170990e-003, 9439743, -1, 2.2462297058105469e+002,
    4.4558963012695312e+002, 3.1093456745147705e+000,
    9.8369171142578125e+001, 7.5041446834802628e-003, 1444607, -1,
    2.2179684448242187e+002, 4.5525476074218750e+002,
    3.2515754699707031e+000, 3.4096542358398437e+002,
    6.0621872544288635e-003, 12192511, -1, 3.9686801147460938e+002,
    1.0153488922119141e+002, 3.6022326946258545e+000,
    2.6059829711914062e+002, 8.1770252436399460e-003, 3473920, -1,
    6.2976629638671875e+002, 2.9463009643554687e+002,
