%YAML:1.0
SurfFeatureExtractor: [ 4.6663793945312500e+002, 3.7756246948242187e+002,
    142., 1.8226018905639648e+001, 5.9613520507812500e+003, 3, -1,
    2.5148957824707031e+002, 3.5480853271484375e+002, 182.,
    2.3848236083984375e+002, 5.6297968750000000e+003, 3, -1,
    4.6713217163085937e+002, 3.0591711425781250e+002, 48.,
    2.2909399032592773e+001, 4.4961499023437500e+003, 1, 1,
    4.6197198486328125e+002, 3.2397677612304688e+002, 22.,
    4.1287319183349609e+001, 4.2668750000000000e+003, 0, -1,
    4.6252899169921875e+002, 3.2569885253906250e+002, 31.,
    4.0710449218750000e+001, 3.4304345703125000e+003, 1, -1,
    2.7658486938476562e+002, 3.1545794677734375e+002, 21.,
    1.5072714233398437e+002, 2.9032016601562500e+003, 0, -1,
    4.8177682495117187e+002, 2.9053085327148437e+002, 32.,
    4.1033010482788086e+000, 2.5446748046875000e+003, 1, -1 ]
