%YAML:1.0
SurfFeatureExtractor: [ 4.5095230102539062e+002, 1.3703927612304688e+002,
    16., 3.4628823852539062e+002, 1.5388580078125000e+004, 0, -1,
    4.4910562133789062e+002, 1.2240930938720703e+002, 20.,
    3.5467648315429687e+002, 6.7996250000000000e+003, 0, -1,
    4.4934295654296875e+002, 1.0414736175537109e+002, 22.,
    3.3733816528320312e+002, 4.8487377929687500e+003, 0, 1,
    4.3759030151367187e+002, 9.0538063049316406e+001, 31.,
    3.1599114990234375e+002, 4.2176147460937500e+003, 1, 1,
    3.2353643798828125e+002, 6.3736244201660156e+001, 48.,
    2.6196102905273438e+002, 4.1560815429687500e+003, 1, 1,
    4.3300476074218750e+002, 1.0538182830810547e+002, 87.,
    3.3277944946289062e+002, 4.0993955078125000e+003, 2, 1,
    3.2453274536132812e+002, 5.9516597747802734e+001, 34.,
    2.6950250244140625e+002, 4.0415197753906250e+003, 1, 1,
    3.3789581298828125e+002, 3.2502325439453125e+002, 17.,
    2.0398641967773437e+002, 3.5159326171875000e+003, 0, -1,
    4.3285440063476562e+002, 3.9631878662109375e+002, 31.,
    3.7868688106536865e+000, 3.4990566406250000e+003, 1, -1,
    3.0141137695312500e+002, 2.6458352661132812e+002, 16.,
    1.8042577743530273e+001, 3.2826472167968750e+003, 0, -1,
    4.5358947753906250e+002, 2.3031945800781250e+002, 33.,
    3.5865200805664062e+002, 3.0852109375000000e+003, 1, -1,
    3.4658743286132812e+002, 4.6107971191406250e+001, 62.,
    2.7047381591796875e+002, 3.0582294921875000e+003, 2, -1,
    2.6793862915039062e+002, 4.2523614501953125e+002, 33.,
    1.8241665649414062e+002, 2.9368015136718750e+003, 1, -1,
    4.5618762207031250e+002, 2.4121458435058594e+002, 22.,
    3.3006002807617187e+002, 2.9031042480468750e+003, 0, 1,
    3.7749481201171875e+002, 2.6441775512695312e+002, 19.,
    1.6152954101562500e+002, 2.8095661621093750e+003, 0, -1,
    4.6139221191406250e+002, 2.2503869628906250e+002, 66.,
    3.5415530395507812e+002, 2.7426604003906250e+003, 2, -1,
    3.3531063842773437e+002, 3.2590695190429687e+002, 43.,
    1.6154449462890625e+002, 2.7210383300781250e+003, 1, -1,
    4.4876019287109375e+002, 2.3381027221679687e+002, 16.,
    1.1992381095886230e+001, 2.6528256835937500e+003, 0, -1,
    5.9970794677734375e+002, 4.5722213745117187e+002, 32.,
    2.1038778686523438e+002, 2.6131743164062500e+003, 1, -1,
    4.4422216796875000e+002, 1.2997760009765625e+002, 20.,
    3.5116387939453125e+002, 2.6014777832031250e+003, 0, 1,
    2.9813894653320312e+002, 6.1412353515625000e+001, 22.,
    2.4928598022460937e+002, 2.5533630371093750e+003, 0, -1,
    6.0287481689453125e+002, 4.5757666015625000e+002, 22.,
    2.1155812072753906e+002, 2.5396569824218750e+003, 0, -1,
    2.5091999816894531e+002, 1.6275740051269531e+002, 133.,
    1.9212339782714844e+002, 2.5212978515625000e+003, 3, 1 ]
